700
100
120
100
0
100
3
0
2
1
2
3
1
2
3
3
1
2
3
0
0
0
40
40
2
120
100
10
0
4
1
Изба
1
2
0
0
0
ДДД
0
0
2
Лес
3
1
3
4
0
0
0
ДДД
0
0
3
Замок
1
2
0
1
0
ДДД
0
0
4
Рынок
1
2
3
0
0
Много всех
0
0
2
1
Баба Яга
700
120
100
100
0
3
4
5
6
12
3
0
0
25
40
3
100
100
20
1
1
ДДД
2
Водяной 
750
150
100
100
0
3
11
12
13
13
13
0
0
25
40
2
100
100
20
1
2
Мокрый
6
1
Пирокинез
d
140
3
3
ДД
2
Регенерация
h
70
3
3
ДД
3
Сильный удар
d
140
3
3
ДДД
4
Гуси-Лебеди
d
140
3
3
ДД
5
Удар ступой
d
140
3
3
ДДД
6
Яд
d
140
3
3
ДД
3
1
Меч-кладенец
w
100
ДД
2
Яблоко
f
50
ДД
3
Меч
w
80
Стандартное оружие
3
1
Старик
Давно никого не видел	
0

2
Старик
Прощай
0

3
Старик
Здравствуй
2
1
2

2
1
Привет
1
3
2
Пока
2
3
3
1
7
e
Убить
2
9
e
Пощадить
3 
10
b 

0
0
0